AÑO,Cabecera,Centros Poblados y Rural Disperso,Total
AÑO 1950,5191533,8379410,13570943
AÑO 1951,5428140,8484807,13912947
AÑO 1952,5548402,8721390,14269792
AÑO 1953,5730799,8910628,14641427
AÑO 1954,5927863,9100100,15027963
AÑO 1955,6141360,9288254,15429614
AÑO 1956,6373318,9473251,15846569
AÑO 1957,6625885,9653042,16278927
AÑO 1958,6901250,9825132,16726382
AÑO 1959,7201656,9986912,17188568
AÑO 1960,7529337,10135700,17665037
AÑO 1961,7885967,10268355,18154322
AÑO 1962,8272662,10381837,18654499
AÑO 1963,8690232,10473850,19164082
AÑO 1964,9138360,10542510,19680870
AÑO 1965,9615321,10586322,20201643
AÑO 1966,10118420,10605168,20723588
AÑO 1967,10643972,10600276,21244248
AÑO 1968,11187398,10574292,21761690
AÑO 1969,11743357,10530843,22274200
AÑO 1970,12305768,10474239,22780007
AÑO 1971,12868607,10409245,23277852
AÑO 1972,13426239,10340891,23767130
AÑO 1973,13974298,10274371,24248669
AÑO 1974,14510095,10214779,24724874
AÑO 1975,15032686,10166858,25199544
AÑO 1976,15542851,10134735,25677586
AÑO 1977,16041823,10121242,26163065
AÑO 1978,16530805,10127867,26658672
AÑO 1979,17010977,10154994,27165971
AÑO 1980,17482595,10201790,27684385
AÑO 1981,17945782,10266885,28212667
AÑO 1982,18400243,10348343,28748586
AÑO 1983,18845620,10444124,29289744
AÑO 1984,19287329,10555362,29842691
AÑO 1985,19731727,10688165,30419892
AÑO 1986,20319830,10660982,30980812
AÑO 1987,20910053,10640079,31550132
AÑO 1988,21502595,10621578,32124173
AÑO 1989,22095337,10602510,32697847
AÑO 1990,22682285,10585869,33268154
AÑO 1991,23274512,10566479,33840991
AÑO 1992,23874144,10551771,34425915
AÑO 1993,24494132,10538176,35032308
AÑO 1994,25103075,10526099,35629174
AÑO 1995,25698750,10531080,36229830
AÑO 1996,26301772,10528802,36830574
AÑO 1997,26887699,10538833,37426532
AÑO 1998,27473357,10539002,38012359
AÑO 1999,28035133,10549883,38585016
AÑO 2000,28574912,10565168,39140080
AÑO 2001,29103486,10571325,39674811
AÑO 2002,29577942,10612737,40190679
AÑO 2003,30030878,10662376,40693254
AÑO 2004,30470411,10717682,41188093
AÑO 2005,30900481,10771397,41671878
AÑO 2006,31336638,10833488,42170126
AÑO 2007,31762026,10896604,42658630
AÑO 2008,32177926,10956091,43134017
AÑO 2009,32591440,11017190,43608630
AÑO 2010,32997985,11088307,44086292
AÑO 2011,33392587,11160829,44553416
AÑO 2012,33768637,11232934,45001571
AÑO 2013,34129735,11305207,45434942
AÑO 2014,34486232,11379778,45866010
AÑO 2015,34853590,11460308,46313898
AÑO 2016,35273507,11556609,46830116
AÑO 2017,35749834,11669366,47419200
AÑO 2018,36424653,11833841,48258494
AÑO 2019,37425856,11969822,49395678
